		test Entropy

P-value(s):
	0.839468	0.024799	0.043110	0.283770	0.161601	0.313488	0.483055	0.289310	0.036430	0.615149	0.194485	0.499409	0.026227	0.947434	0.298951	0.830825	0.429476	0.103466	0.540553	0.292501	0.451535	0.115192	0.095267	0.577090	0.642106	0.760634	0.586479	0.435003	0.000796	0.904427	0.685867	0.362687	0.340330	0.063049	0.693979	0.860016	0.459676	0.184427	0.168672	0.860011	0.002014	0.225848	0.899341	0.274786	0.865087	0.468579	0.704651	0.452396	0.193322	0.104479	0.693409	0.548380	0.114627	0.001548	0.417279	0.897791	0.102599	0.449638	0.304303	0.939300	0.072574	0.554344	0.330350	0.501921	0.495439	0.087278	0.158715	0.094499	0.832770	0.326653	0.417393	0.462413	0.095340	0.478571	0.636709	0.004729	0.573496	0.625535	0.834877	0.924582	0.078437	0.313313	0.012525	0.034141	0.851104	0.277391	0.817116	0.495511	0.658078	0.380286	0.045615	0.387002	0.781395	0.702090	0.720345	0.051988	0.146172	0.626828	0.326782	0.375208	0.354084	0.695514	0.967168	0.615606	0.477009	0.157426	0.900419	0.156433	0.418629	0.823937	0.693087	0.644119	0.620955	0.377403	0.110204	0.878168	0.854788	0.870028	0.643098	0.593868	0.636005	0.587997	0.653605	0.630237	0.236241	0.040613	0.628082	0.089951	0.870873	0.259112	0.125798	0.787410	0.843475	0.220948	0.834602	0.261323	0.138306	0.604734	0.524704	0.474906	0.458683	0.709506	0.081093	0.128680	0.856177	0.429109	0.741999	0.631981	0.470176	0.090712	0.394558	0.109593	0.765101	0.697157	0.725308	0.939387	0.944471	0.333727	0.745432	0.115041	0.264871	0.454425	0.581821	0.556502	0.100838	0.952367	0.360836	0.022773	0.722137	0.397527	0.112578	0.206718	0.684565	0.214227	0.304079	0.068264	0.440572	0.115996	0.745061	0.497862	0.185986	0.567191	0.830362	0.248849	0.222126	0.216587	0.812768	0.815708	0.906964	0.842124	0.700668	0.482479	0.527674	0.867565	0.934114	0.773988	0.996077	0.709497	0.151797	0.375450
Bernoulli: 0.165195
Chi:0.255705

		test Long Series

P-value(s):
	0.653777	0.324344	0.499471	0.992108	0.237343	0.022116	0.446453	0.127272	0.011155	0.865929	0.878824	0.006091	0.588596	0.161158	0.996916	0.659159	0.076509	0.930644	0.079849	0.090529	0.400087	0.278532	0.800863	0.001990	0.042161	0.549587	0.150268	0.945382	0.773601	0.698169	0.897075	0.164613	0.216053	0.945037	0.299162	0.386575	0.086995	0.155413	0.719257	0.558709	0.631279	0.815637	0.870463	0.834236	0.209568	0.738940	0.708163	0.221912	0.166731	0.165524	0.542290	0.167840	0.050124	0.050415	0.393898	0.119603	0.494730	0.063414	0.364736	0.843410	0.242070	0.121133	0.412436	0.126171	0.523341	0.436832	0.905810	0.500339	0.689780	0.280539	0.224529	0.467716	0.587111	0.438692	0.164442	0.934137	0.341363	0.094515	0.648672	0.972181	0.291764	0.434897	0.150166	0.872925	0.066462	0.738701	0.537352	0.025298	0.958184	0.925673	0.280379	0.268958	0.469438	0.934881	0.282329	0.790513	0.660793	0.489113	0.397129	0.260293	0.918029	0.320292	0.020269	0.355121	0.914737	0.681461	0.582815	0.978259	0.833109	0.222007	0.581829	0.662484	0.649000	0.433291	0.582669	0.432432	0.891822	0.342952	0.067452	0.744631	0.958824	0.183365	0.980418	0.464517	0.610912	0.449880	0.784947	0.553957	0.858312	0.546455	0.602078	0.850622	0.946828	0.293275	0.542858	0.095788	0.557426	0.288509	0.892102	0.982273	0.173679	0.710922	0.951611	0.169486	0.433846	0.071246	0.252910	0.993049	0.978701	0.739372	0.441565	0.581866	0.357719	0.931319	0.144973	0.174778	0.729149	0.771553	0.629634	0.682181	0.026190	0.958223	0.534279	0.966939	0.075757	0.027400	0.826800	0.517188	0.836854	0.312287	0.710918	0.963341	0.998526	0.182529	0.572816	0.687245	0.533978	0.013415	0.792496	0.042417	0.126483	0.105728	0.684877	0.694771	0.754566	0.741267	0.401285	0.464875	0.749865	0.436215	0.039461	0.783494	0.485186	0.716236	0.570672	0.433705	0.809996	0.241343	0.960453	0.048683
Bernoulli: 0.165195
Chi:0.383827

		test MDU2

P-value(s):
	0.937909	0.356612	0.031787	0.563512	0.704662	0.167523	0.598628	0.345118	0.752642	0.441141	0.318443	0.684449	0.263307	0.210253	0.507480	0.559053	0.607124	0.325631	0.926993	0.358314	0.830973	0.073258	0.311110	0.158887	0.624895	0.692798	0.566521	0.232277	0.064272	0.887845	0.691827	0.461899	0.529866	0.493236	0.949029	0.332885	0.012750	0.096027	0.405025	0.418294	0.019400	0.312506	0.650273	0.078804	0.450296	0.117014	0.209817	0.741342	0.568204	0.147397	0.143331	0.093538	0.146426	0.220522	0.251376	0.488611	0.577799	0.912678	0.529015	0.658634	0.054230	0.228962	0.468443	0.744611	0.648001	0.231354	0.049947	0.239553	0.685974	0.468079	0.807147	0.240024	0.089870	0.025162	0.582341	0.029891	0.357293	0.237488	0.631150	0.933505	0.117786	0.234968	0.175130	0.349721	0.162721	0.319419	0.120607	0.060294	0.926692	0.422938	0.048090	0.184080	0.987334	0.027385	0.503584	0.193562	0.540063	0.158448	0.950571	0.100248	0.058309	0.868312	0.601583	0.203939	0.135694	0.434657	0.978487	0.459479	0.219178	0.354008	0.603944	0.868444	0.580430	0.230800	0.144152	0.596734	0.891629	0.914676	0.131531	0.188539	0.473782	0.673799	0.615103	0.389532	0.690963	0.320288	0.704768	0.380693	0.283996	0.949159	0.660656	0.615220	0.120667	0.818735	0.902859	0.377914	0.287606	0.948079	0.478276	0.251956	0.039903	0.283482	0.468685	0.174430	0.501149	0.650614	0.139142	0.900770	0.704768	0.521964	0.725090	0.444992	0.570606	0.401371	0.796170	0.704768	0.979800	0.253118	0.747467	0.170570	0.799467	0.554105	0.340538	0.450416	0.057717	0.917774	0.898484	0.199511	0.675235	0.145803	0.278063	0.218463	0.455971	0.138875	0.792842	0.121639	0.045422	0.771473	0.250507	0.896995	0.269881	0.119822	0.551083	0.260346	0.342099	0.129994	0.659196	0.819708	0.805201	0.851771	0.578876	0.458027	0.922329	0.533146	0.625011	0.559053	0.757089	0.927976	0.076618	0.121456
Bernoulli: 0.500000
Chi:0.275709

		test MDU

P-value(s):
	0.666929	0.657643	0.507225	0.451137	0.357541	0.346411	0.031791	0.707744	0.594321	0.220171	0.043836	0.233620	0.102083	0.386551	0.096657	0.715286	0.672454	0.905270	0.839031	0.546698	0.829215	0.014970	0.829215	0.863281	0.320992	0.795165	0.503204	0.016228	0.279994	0.340898	0.275545	0.070486	0.609304	0.091717	0.243878	0.835659	0.010433	0.620927	0.129124	0.659507	0.424102	0.628620	0.093342	0.217245	0.763301	0.840701	0.100634	0.878823	0.965805	0.049698	0.968119	0.440548	0.483120	0.620927	0.243359	0.685206	0.474433	0.306842	0.435271	0.819483	0.517944	0.576572	0.027244	0.334207	0.058799	0.891824	0.461102	0.518614	0.793706	0.273333	0.791262	0.414954	0.023795	0.237182	0.795650	0.322781	0.919028	0.793219	0.744518	0.093615	0.203901	0.451801	0.630536	0.342120	0.484457	0.542027	0.160865	0.031675	0.569299	0.826594	0.323976	0.515935	0.310352	0.025566	0.211942	0.445175	0.495166	0.675509	0.216275	0.768529	0.926537	0.772151	0.639436	0.294700	0.998946	0.846863	0.604759	0.198798	0.710655	0.208608	0.972697	0.610600	0.727840	0.608007	0.204368	0.471096	0.179618	0.992671	0.612542	0.146837	0.771635	0.006227	0.456448	0.752659	0.579211	0.437249	0.830516	0.016293	0.929856	0.705991	0.839450	0.195137	0.386551	0.887934	0.431980	0.872113	0.388469	0.145332	0.451801	0.286171	0.261336	0.799504	0.160464	0.611248	0.813576	0.952625	0.233114	0.839867	0.544029	0.158865	0.760135	0.376374	0.037349	0.630536	0.754807	0.024527	0.104731	0.575912	0.555358	0.249624	0.249624	0.045207	0.972807	0.567312	0.516605	0.135448	0.186611	0.287867	0.087488	0.163288	0.515265	0.562669	0.800939	0.439228	0.792242	0.493827	0.274438	0.343344	0.589079	0.950882	0.217245	0.259722	0.086197	0.617708	0.645121	0.789787	0.322184	0.690608	0.088269	0.576572	0.422792	0.129470	0.500525	0.237182	0.558683	0.852076	0.978127	0.037217	0.099771	0.142723
Bernoulli: 0.025788
Chi:0.626709

		test Empty Boxes

P-value(s):
	0.713924	0.540205	0.713924	0.810749	0.713924	0.308173	0.764882	0.064969	0.540205	0.600388	0.109414	0.713924	0.048928	0.764882	0.479561	0.713924	0.258238	0.885323	0.658724	0.885323	0.850974	0.600388	0.885323	0.658724	0.600388	0.084960	0.885323	0.419841	0.479561	0.419841	0.600388	0.084960	0.419841	0.764882	0.479561	0.479561	0.308173	0.479561	0.064969	0.999730	0.064969	0.213162	0.362338	0.479561	0.955003	0.713924	0.138761	0.213162	0.764882	0.109414	0.479561	0.084960	0.258238	0.764882	0.419841	0.362338	0.213162	0.084960	0.658724	0.048928	0.419841	0.913862	0.978954	0.955003	0.600388	0.936914	0.713924	0.362338	0.600388	0.362338	0.540205	0.036290	0.810749	0.991273	0.713924	0.258238	0.048928	0.600388	0.885323	0.713924	0.913862	0.913862	0.936914	0.764882	0.540205	0.600388	0.084960	0.213162	0.885323	0.991273	0.362338	0.479561	0.308173	0.419841	0.308173	0.810749	0.479561	0.308173	0.600388	0.213162	0.600388	0.955003	0.913862	0.600388	0.419841	0.764882	0.936914	0.540205	0.764882	0.479561	0.850974	0.419841	0.540205	0.540205	0.308173	0.540205	0.308173	0.810749	0.658724	0.713924	0.173303	0.109414	0.936914	0.084960	0.658724	0.540205	0.658724	0.600388	0.913862	0.213162	0.064969	0.213162	0.936914	0.540205	0.308173	0.419841	0.258238	0.419841	0.479561	0.913862	0.764882	0.810749	0.850974	0.713924	0.713924	0.600388	0.362338	0.885323	0.600388	0.479561	0.036290	0.419841	0.850974	0.362338	0.885323	0.540205	0.713924	0.713924	0.658724	0.540205	0.479561	0.479561	0.362338	0.362338	0.658724	0.419841	0.810749	0.064969	0.936914	0.000511	0.479561	0.479561	0.991273	0.419841	0.885323	0.138761	0.308173	0.913862	0.936914	0.362338	0.479561	0.850974	0.048928	0.540205	0.479561	0.419841	0.978954	0.213162	0.713924	0.713924	0.258238	0.026512	0.850974	0.013526	0.419841	0.138761	0.936914	0.064969	0.419841	0.968780
Bernoulli: 0.627199
Chi:0.002043

		test Series

P-value(s):
	0.476567	0.622649	0.256599	0.096099	0.932862	0.933254	0.310164	0.431469	0.863930	0.736091	0.585435	0.011643	0.424274	0.830568	0.058294	0.662982	0.061295	0.463040	0.404408	0.749779	0.285924	0.551671	0.595934	0.413494	0.317097	0.831706	0.040163	0.358726	0.233358	0.862739	0.550444	0.738419	0.353471	0.478735	0.995750	0.048230	0.330882	0.542197	0.503494	0.903042	0.274831	0.228701	0.736567	0.168634	0.040665	0.661979	0.829762	0.496814	0.077317	0.308220	0.234543	0.255529	0.042888	0.483792	0.802741	0.318953	0.468998	0.396481	0.411616	0.299173	0.104360	0.534676	0.648137	0.443431	0.029898	0.010353	0.012888	0.460739	0.867241	0.901657	0.726992	0.036700	0.155674	0.825365	0.917644	0.431212	0.857119	0.400886	0.331267	0.848581	0.646038	0.087389	0.559652	0.915811	0.286383	0.799646	0.054536	0.373322	0.904843	0.229880	0.607022	0.022903	0.573435	0.383166	0.962836	0.969349	0.979181	0.036436	0.036560	0.185338	0.151814	0.690077	0.268396	0.388392	0.656715	0.205862	0.102044	0.513401	0.390114	0.371006	0.168729	0.002709	0.272676	0.461462	0.654259	0.582973	0.912322	0.243877	0.704268	0.903459	0.896790	0.584425	0.446228	0.226331	0.465091	0.909974	0.820577	0.321761	0.196357	0.952638	0.695223	0.890467	0.633242	0.526871	0.200381	0.306796	0.979167	0.772329	0.085143	0.013632	0.108428	0.623541	0.213406	0.627868	0.223979	0.570204	0.970835	0.366159	0.577763	0.842145	0.288153	0.143662	0.634180	0.875859	0.012273	0.709299	0.627630	0.516947	0.395072	0.388622	0.308432	0.579156	0.357351	0.224748	0.137857	0.073598	0.405037	0.678961	0.073068	0.530500	0.687062	0.605856	0.940118	0.358059	0.667459	0.456962	0.119863	0.503474	0.676480	0.815182	0.607027	0.092705	0.549429	0.714832	0.982093	0.914071	0.880074	0.028486	0.085649	0.394886	0.713031	0.144874	0.044740	0.496437	0.624396	0.222644	0.961849	0.258765	0.306257	0.452773
Bernoulli: 0.011570
Chi:0.236810

		test Spectral

P-value(s):
	0.352738	0.862782	0.966035	0.746602	0.289352	0.466059	0.769472	0.066351	0.164474	0.111707	0.566234	0.357953	0.204103	0.293937	0.170642	0.804151	0.739027	0.556106	0.878560	0.083481	0.614633	0.874611	0.625237	0.777142	0.874611	0.701543	0.516499	0.978018	0.222521	0.170642	0.646677	0.990007	0.690433	0.668414	0.858846	0.958049	0.324920	0.694129	0.390254	0.357953	0.230212	0.481521	0.562848	0.230212	0.982014	0.312760	0.843138	0.882512	0.218745	0.934122	0.164474	0.453891	0.827491	0.265001	0.686744	0.412741	0.149789	0.954058	0.646677	0.061330	0.731477	0.811913	0.625237	0.650279	0.788686	0.373887	0.141471	0.466059	0.418480	0.712717	0.758011	0.173791	0.930140	0.132220	0.727711	0.569630	0.357953	0.697832	0.435978	0.735249	0.827491	0.373887	0.510043	0.490931	0.727711	0.390254	0.970028	0.646677	0.352738	0.300905	0.487784	0.604109	0.357953	0.064159	0.522997	0.138779	0.121024	0.166000	0.847059	0.357953	0.839220	0.047555	0.874611	0.843138	0.590205	0.611116	0.777142	0.490931	0.085284	0.906284	0.835306	0.549403	0.607608	0.625237	0.918202	0.569630	0.218745	0.141471	0.890426	0.843138	0.532823	0.433033	0.256506	0.023094	0.874611	0.365866	0.083481	0.478407	0.653890	0.234127	0.866722	0.161453	0.289352	0.412741	0.395805	0.796409	0.407048	0.334865	0.258612	0.958049	0.164474	0.625237	0.450877	0.503629	0.401403	0.576450	0.583309	0.566234	0.831397	0.556106	0.998001	0.604109	0.611116	0.478407	0.978018	0.808030	0.679389	0.780985	0.639496	0.657509	0.661136	0.894386	0.484647	0.317588	0.661136	0.238090	0.796409	0.500439	0.254412	0.312760	0.986011	0.418480	0.190187	0.125905	0.720201	0.503629	0.583309	0.898350	0.690433	0.966035	0.720201	0.870665	0.158475	0.735249	0.990007	0.271497	0.643082	0.337382	0.739027	0.773304	0.526262	0.401403	0.639496	0.850985	0.808030	0.686744	0.894386	0.727711	0.922180	0.586752
Bernoulli: 0.995278
Chi:0.068999

		test Scalar

P-value(s):
	0.144459	0.363633	0.707458	0.336452	0.797236	0.200414	0.169925	0.043982	0.974689	0.297657	0.359312	0.584173	0.602809	0.582219	0.697454	0.861200	0.896477	0.586495	0.551245	0.549546	0.518937	0.037498	0.110472	0.264037	0.217916	0.581737	0.939859	0.577837	0.666542	0.281057	0.433394	0.597675	0.934059	0.659406	0.294446	0.721658	0.532610	0.726637	0.780136	0.790486	0.930592	0.010681	0.978755	0.474780	0.472404	0.069806	0.604447	0.370008	0.126913	0.061865	0.573847	0.631281	0.440079	0.946065	0.866243	0.906013	0.783173	0.610954	0.245190	0.143723	0.292163	0.092647	0.409689	0.907577	0.874450	0.629554	0.311886	0.015420	0.446479	0.123440	0.164683	0.943511	0.702187	0.284069	0.758860	0.776331	0.232214	0.878125	0.153508	0.837171	0.454525	0.919817	0.538860	0.170450	0.691219	0.324855	0.783896	0.269552	0.583406	0.947862	0.483329	0.964288	0.761798	0.065734	0.831540	0.860338	0.496915	0.874879	0.456165	0.936884	0.591179	0.970400	0.137193	0.276719	0.409243	0.251855	0.853470	0.824485	0.686838	0.808890	0.235074	0.435459	0.173769	0.908650	0.380931	0.228744	0.567857	0.978287	0.005878	0.668320	0.127725	0.896231	0.220847	0.859832	0.135301	0.742172	0.298567	0.674009	0.542570	0.909237	0.996369	0.294198	0.208122	0.666808	0.702648	0.300025	0.300701	0.901404	0.953088	0.317797	0.764444	0.242992	0.672401	0.069357	0.166617	0.594114	0.835715	0.926729	0.709416	0.200944	0.080891	0.268631	0.341637	0.422905	0.820085	0.550780	0.917298	0.220448	0.918148	0.332474	0.727610	0.247349	0.774315	0.108689	0.360903	0.887055	0.238094	0.176850	0.913962	0.214361	0.050915	0.170328	0.981719	0.618564	0.475465	0.582884	0.069717	0.634462	0.410395	0.682691	0.865396	0.506671	0.971615	0.267800	0.587276	0.089292	0.139771	0.839180	0.919354	0.713662	0.436599	0.354982	0.855929	0.768408	0.481519	0.492510	0.331276	0.210225	0.711399	0.346342
Bernoulli: 0.947621
Chi:0.419021

----
H0, Bernoulli - P1min = 0.011570
----
----
H0, Chi - P2min = 0.002043
----













		test Entropy

P-value(s):
